1000
79.90367425995291 51.81503755176694 90.8725045425013 152 71 42
21.799277847342 10.938467620072412 60.78645874781821 251 108 195
26.75214807346632 0.010346879572753487 60.61515029742945 151 125 10
67.93913558456556 76.96835970702814 37.68435802837657 25 60 168
48.82004082682007 5.163105495157794 75.75745520355309 254 124 62
46.279102540598 40.47232269505091 33.54523000802162 243 170 144
99.70571897868882 68.32859549585754 99.52917426525924 157 94 236
19.12094353572845 69.61942308900882 38.48404657830954 111 125 26
84.70747628376985 98.79967910837479 80.92975141780651 69 142 67
99.97098523334704 61.296850724777116 74.67048160828719 215 134 53
65.9564741570632 24.627107140164295 72.61030324199248 168 83 132
75.11006235261397 56.25121997891159 29.1258275807049 59 222 176
2.0952747951092143 67.19671305922526 60.323009399784965 126 68 131
52.66408599908241 43.40727773186127 44.33825228724001 162 51 127
39.00286876674485 54.64068358918127 85.23368104033263 113 148 128
85.21710220206222 54.947894254245625 87.68939523407461 150 14 12
45.117785391738295 89.19220166052312 25.25655967722522 7 100 129
87.49703139625488 30.0087289888629 78.98615774616586 41 3 155
83.83672451140308 20.799689054055925 58.308697192834224 165 144 52
18.0274567147818 47.98549702533067 35.56728161388517 93 186 95
36.266920822164316 13.39903047981571 58.99452456949996 140 46 113
12.877231610080376 2.471278146797762 96.50509347146202 113 41 134
30.28617957360832 21.19906429707753 80.71952655755953 115 163 116
50.75287037435046 3.735886155049317 11.348592090990318 45 237 22
96.4154048023501 20.16776337642039 47.595181067322976 38 108 176
91.66701727946649 61.42878187831351 24.654825734923858 250 119 242
57.434086481563774 64.61348699074807 24.735655058529392 54 204 61
66.27952883941772 9.831607253751374 55.23128388690659 253 178 237
66.97015000445919 60.3377665724925 51.65997938145427 122 67 133
99.74602942044606 95.50590471562023 58.562822506265164 23 31 82
42.47120871225707 64.29306521106645 11.501739663208543 201 51 232
32.5220596031617 51.576140154035656 72.32240078135516 16 184 156
90.01513863546319 36.011049385633854 68.59159376111576 229 47 160
51.05918596144146 34.15767804103057 78.16572257839883 185 170 195
92.34363128162931 78.27389321485153 38.71619428516172 41 133 49
63.692812885188445 94.58387438103767 68.18561328502919 72 198 141
27.30317782910605 13.58316288006054 59.970391496054035 21 223 56
51.259609872973414 6.105994184905272 81.45279389481765 104 176 9
1.55370855768866 48.93791078216745 7.607871320803994 94 145 96
88.09580941486811 55.634204328470794 74.99544674562961 51 35 102
23.955906917597012 84.26557406180042 43.658666155580285 148 222 177
67.05593106904753 49.857389274613276 14.37078310489255 50 13 216
4.473971252688635 19.556370686760804 11.320217842394886 239 137 80
72.05470488472882 70.72410691099141 11.657589168437909 53 79 77
47.73143402193336 12.333854639764807 75.24204705555604 61 60 55
23.373289693361766 47.78650759366392 3.2495080814856747 209 129 36
15.533338927098006 30.55135632063125 71.81225603963225 77 224 42
74.5841823198181 94.30357973714887 46.254611300578894 189 177 32
59.718975301934606 36.33608931217761 68.4174362220612 139 146 163
65.4374313608839 80.26961525072346 20.607570839779765 107 34 33
75.63502196352133 23.209660741167436 37.385827281698006 230 191 252
32.41411394601448 88.67831970982566 54.17653024831915 112 15 30
97.31986461913431 13.495849305729168 28.93684535463593 55 62 169
47.891285297877715 21.352525370292796 40.19759400072769 123 232 63
48.16549436102595 3.58345650098304 77.94837861159624 236 92 174
99.9758851767475 87.56400147197748 90.29554694138007 157 249 180
75.37432408994667 22.544132401647555 1.7165280162583785 169 132 38
38.053386893662555 22.437346563184335 62.15031427959749 240 78 75
32.95389523100244 44.312093605916836 40.120767552480665 245 211 197
93.96025284848899 42.77656615195904 18.54433879472094 130 136 101
36.293352106382926 65.21463082227399 55.72076539684655 40 5 242
45.42751251038478 55.47237144003322 14.076929437494767 144 202 99
91.54125748134946 27.09943186453162 49.299382664263256 233 64 35
17.056113188138923 88.0428388480517 67.25732505356429 36 248 1
5.055128987489866 31.636691704490115 56.22968076087882 188 200 181
14.572915631234462 12.129547473361235 58.98909401615652 253 152 150
2.1189133744716426 53.58104273940191 70.78199240026636 11 52 158
60.47954642726179 78.91590989339521 3.6342004904418967 192 39 166
29.925273741985347 19.860384432706102 99.1004684930696 80 171 128
43.444535918675875 80.45385069671892 65.89587610233735 46 30 59
87.49547917117162 77.31570111962819 67.06669942342212 245 202 34
9.902526212284135 92.77961696739072 45.68520485892351 41 231 79
14.760379672411316 24.747995599331674 6.631404657055939 101 6 55
14.312545676209155 45.46896207811481 23.937138242365908 7 214 90
84.45176482063442 34.63550137980973 13.433349601846533 224 248 185
4.390661470667245 97.92650870553925 55.017417067284626 129 177 192
73.75416602656982 36.466363630264986 9.638016785392956 119 207 24
49.37062689191548 85.22362442572813 5.9126346366246585 114 160 199
47.84299824259855 77.08900547892668 58.91679892032424 140 220 168
22.959343235946193 25.69367679267267 78.82152136020724 51 44 58
64.48561605709156 13.814431212792034 65.35077758063966 236 164 215
28.14233963201287 58.763044645384625 12.06624973656989 52 197 187
7.807757100569567 33.2117731105826 44.78140019351816 157 30 137
98.35767377740413 4.640826015670418 34.41836501915072 23 139 67
80.12853033704401 22.62035529279953 85.74372185251679 14 86 44
28.794959316455614 7.509708031921258 49.98474115456064 54 50 2
23.442950673512897 52.3586689920713 17.606070349130786 81 181 248
82.68956171314402 40.75494616381936 54.72471389129328 32 204 83
6.681785971216348 54.44259077665531 75.90333721481531 143 4 184
80.47016376137212 16.53801933280963 31.470350169294527 53 146 30
1.3042305687782751 8.332301029009393 99.0893560461857 204 159 98
14.48134182587496 52.66597834970966 37.99757517657114 11 64 84
76.07975960825223 65.80929441018148 7.0471152010497695 128 226 183
38.74092889392264 7.227082876924939 92.24667477461587 227 105 243
72.09124515432454 65.54198965840472 99.68381890857901 121 79 223
61.805306985465776 95.85784038388229 70.21645876498734 217 244 40
71.04223395053224 3.2304329325778425 73.80113194898692 192 32 215
21.30404457175217 57.77606556409525 65.3571603588552 3 75 201
43.87705610329451 35.42761391126362 88.16915441377887 36 241 73
41.06852654380238 34.85918812990164 13.462941338310475 37 227 177
62.52318531727433 4.216982955914139 10.346045858101927 70 152 29
66.01757737512335 73.0664512830272 64.11559774705924 253 198 201
75.24113267406625 75.88274567347786 54.27340222466776 214 207 228
36.07630805862073 47.398288648939854 78.65694103618051 137 9 25
85.61782187664367 89.54157314043607 65.04086572387313 220 66 197
98.39268956873052 50.35562086748833 55.46799635925759 4 190 67
36.665289057488614 11.411400549758987 26.451632947141434 166 86 91
66.97971619992947 69.50638280560447 26.009042313825994 178 180 62
84.78725147588906 86.9749598415937 58.13389835965144 31 143 135
20.64917909924088 12.286096705722526 29.62521402148628 192 31 86
53.55191708449232 76.75283394569637 31.931475806981556 235 161 213
83.71648259889419 15.553893027528131 61.5482556946097 211 193 139
84.26015092047143 51.73271138595329 72.1701941922867 214 33 151
59.44410884737037 3.6948198028114776 96.82570000684366 17 77 215
49.223938485370724 11.708704067183772 11.134861052745283 149 140 105
83.55469590588093 32.20389784887777 23.084609414077974 145 144 174
64.47081339602735 73.86646756498529 49.70494380067249 9 139 88
34.38291607757266 73.70688409263559 67.08776041044716 109 174 133
31.265783545380398 59.907026727000954 23.585373615685256 155 160 67
77.34866914746668 70.267192422457 73.96591668053728 153 216 226
50.392939178610604 87.83416067976017 97.93212525693995 84 12 164
34.422360618393824 89.59803991979255 93.8106793387663 226 34 226
89.56485685580041 49.237250363317266 7.4105672465271555 184 100 43
54.11631925987573 83.44333353375907 47.988105863078545 134 187 193
42.628569423854515 24.483558020022723 24.837817241501693 107 110 15
14.274697501164779 53.91038478260464 87.08411470295529 190 89 81
99.4127590071393 56.69086647414902 79.54861554355097 238 234 85
18.547471534868563 87.93207249320514 13.818502780614427 186 189 221
47.111502103466016 70.68352179643074 56.48755453265599 199 132 135
47.922442275838776 21.305597215998528 27.56509390102201 103 88 69
48.025762921589745 85.34189504840886 88.76871093162177 128 165 157
1.0524305610654539 41.89949471871278 52.29141887523732 82 105 146
84.28460105556522 26.83733076320982 10.057092413178559 242 229 67
1.3531065360074312 36.64010880858872 36.78203786421164 243 153 160
27.843789084503968 6.201662432752553 58.61452765691367 105 201 147
64.96022667144065 28.783289501396947 64.93542922805706 98 224 193
83.61035733384868 77.51247519622952 22.215933497812358 241 226 224
11.623284537889711 40.74654862606456 84.7251454579639 117 145 147
64.96737911704801 42.682195568642534 82.38017848342385 115 221 9
60.47588618549171 53.42149782381269 57.09171282727736 17 154 128
94.27405496250391 15.421274679158593 57.47303344297264 171 218 22
84.36145577933996 15.405888562824831 40.582531695093614 21 153 157
76.09194249718817 0.40264333331099245 57.22799978247195 121 57 1
0.006106889672230498 84.98912223546486 63.98283830161202 84 2 216
67.93897702283314 83.98669534497623 46.09403829751979 105 106 103
46.81888218849557 63.99462165878562 97.48150614079198 109 118 118
72.29870956100049 70.07310479839627 69.557580545179 121 131 37
54.462725042553 5.726978692490425 13.091363803509537 85 198 41
94.41294233869488 28.72775998392225 26.199417056794616 194 21 182
18.57798192444582 49.29136539546056 27.094332067975778 203 0 7
53.061749783017596 56.19020137918752 68.7353618134818 123 138 48
95.15333672184859 49.44715126943885 41.20762009918424 193 13 201
96.08564072421817 72.6988971177828 89.6528920976589 135 101 176
87.02754428343886 34.92727639747733 44.96787583938192 53 167 193
58.83042364755215 9.278804725747914 91.29421684427103 121 246 232
30.868448623903678 38.799434865462736 9.506059706025527 150 206 249
11.996057805955862 56.21763362746537 56.34951690063278 138 168 90
99.71416547783467 1.9646141643914206 92.43651315196666 102 221 236
75.54665169662744 64.41428787623177 22.712386930982774 205 170 169
14.77454273945945 55.28314990964379 85.00955380037026 35 14 67
27.38942534543536 6.114991189862895 26.51279405111665 85 186 73
10.679279467075586 37.08788719761874 65.97764276042011 34 148 193
9.456375771976955 13.759648193730944 8.88112135741257 199 231 121
20.722423310772164 0.9886791700377096 81.80099067894588 87 196 209
29.623035012930863 24.74295460311584 85.61019559177655 43 147 77
42.891164352940194 13.891885619735135 49.86922870459366 133 86 106
75.57458337075632 65.85192399620405 54.37042248511409 125 125 69
13.580220808149324 36.05312333714986 80.34157612342047 148 160 119
96.28031503057065 13.97339684318779 61.4964764829064 229 124 143
53.8812903227137 13.751047807067774 33.00869260038684 66 198 61
68.1632619367908 69.37223179414012 69.60226009537062 239 143 193
63.20042654638195 0.8144411326448164 68.25519019642562 151 245 66
46.352521791706636 74.42284457708296 58.394129086742865 138 34 120
16.69438592725009 57.75447332846528 15.752579254065136 227 106 206
6.5816815741499335 4.133833379523533 54.040635870533826 14 214 228
76.63033938466104 56.64845347766621 70.93818070192054 56 126 248
10.347442149369323 45.137435448008404 17.32039252934604 170 245 206
53.261604323778535 46.19100512425515 37.63633280577478 141 24 168
74.8683662993502 67.02259469848028 27.507852449963167 78 74 46
48.17529738539843 4.473075236395497 65.35398732634056 9 203 216
0.18447263683863957 73.97246799414454 77.57015219003486 233 135 243
82.30616552537136 27.06871780519159 81.83359101600661 206 118 193
98.41411432101587 5.624204772979191 46.736399982857215 196 154 12
51.92405873920504 64.90417418579422 95.37192975474053 32 140 93
84.73544523612159 33.90088881080442 38.86412752577113 60 190 36
68.89082871977779 40.15322233941539 37.21434160629761 124 84 18
26.08547738218926 77.27254417111666 69.26580194722311 3 13 17
26.345724948014126 29.04739912047417 32.00958581587317 140 244 4
1.8705830937025825 25.485137934212922 48.771725948790404 184 61 31
87.71659975680491 8.009124752286745 23.86133411181922 184 216 211
11.158036557320406 36.25357352653237 51.793795159314136 31 107 232
25.567571318660676 13.910377488698277 46.93809518558676 61 255 62
62.86896101476399 30.746662038957407 65.01792296691261 19 57 167
37.28202712189239 70.52905134228705 12.904136605682382 127 197 68
9.41888826441797 76.89910105910413 95.09126248376222 183 62 33
36.94315466210472 81.41965650595328 92.6097752144049 109 87 17
30.052835508790952 8.667545484605544 67.28354555977253 25 151 183
67.01247137849442 84.43459666430188 96.53015848197684 121 76 14
37.79767117886871 85.30483908554667 72.59022834868385 203 126 59
89.52008634740945 5.026738223206884 7.367438797911719 201 7 16
73.50523337386137 47.55857103871573 18.108349547783742 189 33 89
4.468721513483165 34.23354941401088 89.03208602684532 223 55 152
61.885551534697505 77.40707792468208 4.754339301276578 184 99 170
3.016826449559007 92.88761304367092 88.89475987761134 232 91 181
37.73017029805771 14.52811635331056 97.50624930062418 159 25 126
94.74432454173595 26.11782175509604 64.7510512195518 174 102 239
5.701514636110893 26.15239687176114 66.34119707765525 193 15 160
51.91791023702634 1.6001578114024695 4.367096607452825 201 135 70
74.11485344757239 67.28626284208985 60.902080856302575 5 137 83
89.16102192068756 61.28640369538135 63.77492461349025 130 215 3
2.065343557250965 5.49476523351955 38.665894151813305 229 48 218
44.29692772044752 99.48375900713906 30.662111068167043 119 245 181
20.053290928949895 18.518482057260353 94.99927244381298 193 8 215
45.37164646502322 10.177758367860978 21.25112948007294 195 200 98
26.936670850963818 3.9543987091100075 43.97516319588377 236 229 198
39.97668464464811 63.38555325173173 42.98959630966445 255 97 83
30.59061813661168 68.06326205715554 71.1878042254947 134 220 194
25.979875547467902 34.09599993929604 1.1733077157422112 20 150 205
86.07945816747709 85.47277104725156 24.041485201178958 246 112 183
57.63588278171334 17.997656828443343 95.29985332893068 90 12 27
93.44758398967451 43.128093252761104 21.101817096001728 125 182 248
7.786190550556871 25.715257336350373 40.50125630172832 26 127 34
47.411303759894096 0.29813955921486057 50.08655204596418 235 133 4
45.47172034019964 51.66975183755955 60.830010137217485 241 198 252
83.28451824507954 11.77812928566162 83.93626203975384 71 93 33
38.76945102133038 64.94659158897758 34.4734834432486 21 96 145
37.39692607187658 73.63595834095274 76.1434409254315 152 80 58
15.02776152404991 67.70140740010254 26.14766650215904 237 149 129
36.064178932616784 59.93194764093042 0.13195062883145647 178 21 20
4.913417847618195 11.651809631326572 18.97176816004218 223 9 33
44.84522263936531 24.79856833137497 72.96688972430637 99 112 210
62.79647829148451 55.09851768019834 57.05121107006972 109 26 130
49.37285548810109 47.09875907509091 51.03839890824437 186 154 58
93.98763912326311 81.68861612062605 30.79709704185104 77 213 223
0.46925920723325243 94.5885209237413 4.601044903656137 212 131 7
29.205812602372184 87.77822545713249 79.68622053108531 71 31 251
39.559106513716394 81.09144213389756 69.1638230153625 181 241 16
68.39205164740076 77.7714081163541 51.716346294522566 254 144 86
25.568583077314177 83.64992202199774 34.71404490530139 104 13 176
69.59915847906252 86.20670035065831 45.237279336765035 20 224 25
11.549475704287794 76.94979430837404 68.62165866387107 183 105 110
84.17467372718383 71.63212959323721 67.13910588714431 36 227 25
68.19321633375932 29.52217784594564 74.80884566312788 93 197 91
36.818120364823045 0.45416650762440947 71.55463335810691 137 4 10
22.20061180715622 90.30835151694068 70.38301573816045 145 136 62
18.33177724679661 58.96555396032015 95.2839923192023 188 203 134
70.1487192368748 75.13049137910797 11.419613226738734 127 165 234
99.99742698829468 98.6515183061054 80.0750107781872 105 57 64
43.047127958776244 40.443169697243405 21.944385739274864 239 218 192
91.49989455558072 33.64335717041252 67.69384011265099 92 210 9
33.20169656772771 6.447509389633598 74.40311169342876 32 56 141
49.181392235837606 69.83295837317947 71.39604074371185 143 11 36
53.3045793270543 63.23193584173495 36.02002003385281 133 187 151
98.14905782387251 52.681369708721114 66.95915505573133 119 18 132
77.84510666729308 62.06049797536828 33.434421139675116 175 5 194
60.37126275210415 75.14895698445956 7.8635650717296945 233 100 100
18.986960712715085 59.26177767370482 97.86835699688605 76 166 38
81.38662120396623 88.4443767504964 52.50917683511537 187 58 169
12.982766068997552 42.378389193962704 34.81638469086177 183 33 191
20.61286835762659 6.433975337160824 96.53131451398862 81 185 94
38.99806951110069 27.319166864957158 15.861822867472664 49 153 5
14.481068660210694 89.57284509074739 30.329961650362424 12 24 100
59.89242809488293 71.21311472710725 15.71214847769663 41 52 127
37.73392021916292 36.11328976277169 90.85223369931356 163 222 94
64.05612451181946 98.49626189503289 14.909450718558226 205 159 156
76.21515259024646 97.11593495998255 47.46882872197461 12 101 161
98.82678733605262 87.46956839470579 57.910173501470865 46 130 49
84.3403497647887 67.43330796210535 54.46088974864244 141 9 157
19.311010524564963 11.148087688349573 97.34163416420212 249 147 34
32.17776833656541 87.35520885664356 17.184571601282027 95 215 29
31.611801053611078 69.67859484162659 68.2310883720258 5 205 230
50.68104147511671 18.999737425598838 55.406328404311644 215 124 68
86.51352068207052 91.9349286765358 20.866423697518023 86 154 131
59.10390449499386 37.80336794304121 5.602780428619935 9 169 244
78.60170400767483 21.10736781952658 97.6857716263318 145 16 180
5.9903666987354836 2.6079978666945114 84.19471953596936 63 216 225
26.59598503497148 33.18428697379188 68.20672922148326 35 253 11
74.3720852951515 37.86242441017023 35.735679773317976 138 45 45
53.350087634098166 68.18153377970312 36.49401992555744 150 116 149
92.91786640784223 78.35024155646141 14.001211744062903 25 29 13
48.52364760378561 81.8068024291213 8.027816549198597 241 89 188
57.768648684777745 90.62566792536049 89.72583341737058 179 28 112
83.35641784131761 49.95350282592108 47.073193073707365 228 3 208
4.654460984896769 95.98336221142048 46.41035207938178 81 185 42
55.27616336644845 80.00050486971628 71.76443237852878 30 66 178
77.62823690490066 77.30780700099291 15.173114010786026 54 154 166
70.24736458213225 1.3512560376469862 22.106210782158996 211 230 187
19.364581894929835 56.542364518369645 11.044430249899385 125 102 139
22.818604913762407 22.977773692657898 95.95699990694374 9 232 15
58.45990055721062 80.78766053457322 66.40428374507658 134 69 62
7.752322688230784 57.94204003676684 79.79824518451841 223 74 253
91.53358023753243 53.18346526241806 12.439148781936925 29 123 101
92.92134652590592 23.949363943343517 4.70619500457471 139 79 50
52.16816240323345 89.74777216275304 36.5445847179457 137 180 54
0.8324978673402983 34.94532898409049 33.431547356060776 77 41 197
24.839792877056468 75.24131825859324 42.52598521241503 65 13 67
85.68819528579395 1.5999075654145711 31.855323504621648 21 12 82
99.97842476032979 29.895318954301175 61.25071568301485 19 54 64
54.32293362551734 58.229450955751226 97.32770788375022 8 150 141
76.16063530115662 84.48470499596574 2.080603820791016 38 15 2
62.65214815830708 30.28922288356529 7.509835606158244 116 208 172
97.17610324196025 93.74870124071782 99.96453797829152 79 201 161
24.446850779282002 50.026192575636166 16.32679048616228 70 86 97
65.32212351288723 97.55511076180359 99.49672544575675 132 44 132
96.2981617875157 18.213850689760235 58.50340167376095 60 20 221
97.76885357090799 65.47418287432022 25.546932775762578 126 141 142
51.561670104709414 97.09783324319434 30.892661826103907 151 198 185
90.20114716782649 33.57252144917857 20.24480320954026 165 50 136
26.87228637376846 3.7631552096476284 97.41987276302166 54 152 42
21.18127197772398 62.25694412557662 78.15114574029226 179 41 54
17.496115865211202 54.09092208770006 14.95394682949952 87 130 110
71.78993574951886 10.89283026815593 85.37487469692499 124 38 109
12.336558578410262 85.30438224266442 99.78053003980266 109 189 183
48.09144261860885 38.690935135968566 64.19500920271214 106 233 182
95.83773872762484 59.811215460705924 48.58991998735067 195 43 78
78.83202732872104 2.001243953228171 42.423007702229455 79 107 208
2.329017483985607 24.63105373081298 94.00600528188019 166 199 2
17.518690918313407 25.671927155887154 6.2914218937076605 48 154 175
88.5302684743306 69.15411715502712 12.67077760055737 40 71 82
6.639173504103613 80.52603968916337 57.08065868235492 178 150 56
91.98822887193808 89.30906646268987 13.76221032066811 108 139 19
62.27195576034844 0.27807125274699196 74.9964532465894 187 73 42
67.14015215734914 28.42501904542406 17.561597719118282 207 45 137
9.698495285300313 19.357054152289997 98.98636177420221 227 205 78
36.50167812037157 24.154861501759207 87.29970455032542 233 56 67
44.868114843170034 8.122414617945706 58.234451570495025 22 135 16
62.15165159429466 46.78390892624055 2.9994230497429664 195 95 47
12.679336181943867 23.853305808278723 39.99909061136484 197 207 89
32.23742219929016 67.08006259283154 63.3958137750235 81 28 138
81.02966196852795 84.66170725465268 49.25952086693598 205 215 100
68.64988341928503 41.54862014436519 71.25279668019341 121 206 138
49.44910863312897 9.124071513740384 8.31271303357376 6 13 234
95.31836181094037 49.53692703894127 98.50893622719929 125 162 165
62.87110410825591 46.94586647361031 59.012761237454455 64 79 243
61.751177823857574 60.091093528063254 40.67315385689119 250 235 128
4.707580785999399 55.3678520903132 66.77085186653692 51 99 254
93.49852787796337 46.79902592903452 54.754363183673135 4 247 161
18.883458389240037 52.29251766060794 83.73463094978182 130 166 67
40.14011908442461 6.061050796962498 31.747430211488236 53 135 252
57.84892434481574 0.25356356477767017 8.741583041519396 209 98 253
12.200724800528807 68.31147858220929 83.31101350461307 251 248 126
72.82621311755358 45.37093329427061 83.69180499369645 106 64 210
41.072659657536924 22.671403015082824 22.761257635440813 97 206 159
53.66093250123979 52.32833286451789 89.91131925003634 161 58 93
60.57494331160967 3.345161814210096 92.86844901030094 32 103 14
88.63613819690097 40.17978942288065 53.877920231469076 192 210 24
95.20466572408219 10.779834250386278 37.18215513694244 201 2 82
49.47077560584962 34.43629352145425 39.357241112604925 188 177 209
48.436899507673104 62.18923751837037 27.72355735469536 17 141 57
13.462309807417338 8.403086165789963 92.54756930810608 171 203 186
14.605274787816125 84.50088176756306 49.8720314900171 89 161 167
13.346644732035085 91.1327326066182 18.25770228802378 49 186 77
89.94605849470774 78.11638712920814 5.136252174411771 220 189 69
55.9367518363018 70.62861046994819 98.4429177800598 203 151 235
32.31445971719828 92.08291491956918 24.238440537741056 177 49 53
72.96469624082901 19.077977742971463 19.599907172190978 57 143 63
14.882558086449738 60.35513594894562 86.55360175902996 36 103 216
61.79001049755672 11.913349526923245 52.57232078371975 153 92 252
36.80413438738842 54.784392924218125 17.43391415503338 186 209 69
39.75065569346265 4.395398515440063 27.244316670193502 80 116 201
93.38236491769567 13.30362088742948 82.31171441466608 95 159 201
73.9211190215498 68.18016826088844 65.400336799153 12 212 118
69.70221691805925 1.4837418515230016 15.712762323977248 225 74 146
57.9054398309622 75.9778820685016 77.70508888631777 158 124 230
4.990074684274215 62.21918534078004 14.424811883287159 59 94 250
89.03124724498737 54.93018387986828 95.30846193128588 140 95 86
80.13899683975232 1.7572704961688612 87.0547390878602 139 78 229
52.92420041611682 8.727186267560082 93.00597519798546 154 229 184
7.888698558319607 50.61820169790442 87.07081377429823 4 205 200
47.93046094451915 34.755185918446486 69.18601579160789 182 113 77
54.0751975975169 25.15946769598596 63.16490944765691 89 15 206
79.2181434417284 35.71052201880824 77.97103145738645 212 4 113
89.16583333431568 99.62044336038286 39.38283382350012 141 110 223
21.626958015194663 45.1344714342929 61.0105195389251 136 243 3
61.97109935101012 79.4400672431907 87.95911671220075 80 93 205
91.44851930483463 53.21873757643135 0.3095074173423251 55 192 144
1.97559237228222 44.472434332011126 80.15597724611523 34 231 108
80.30813853670817 33.00048625502207 9.276953203818728 216 66 200
93.15610081381111 5.432263927458503 94.64443081430947 9 4 160
89.18211882436465 27.7105138013227 96.85430914290147 75 26 111
20.455647954914657 88.48412434054048 29.07876623823118 80 204 249
57.32290488591655 67.5576382124505 79.13525744225178 82 210 76
70.25810669781134 31.346439290447037 98.50392718522103 105 7 149
9.477714660343839 38.626887320810646 74.31339974037287 60 69 75
68.25878075150051 39.6132542179633 14.09862089132108 187 172 131
45.274548193509 27.83866357500996 0.09548397931518071 73 199 26
62.05208597782109 14.20378137589211 17.495201286521077 149 248 11
67.0127509746107 16.060538120715417 97.89351751908075 172 71 75
1.5583145725714842 19.931828792285167 99.53074716110591 50 51 127
86.33361059779055 86.48290292962928 35.15991444001448 29 214 16
38.08720467858948 21.144169720881855 57.77195870616338 21 157 134
66.35971567575598 57.264178635803184 86.15557170214075 153 41 53
52.38679411015394 63.209015078473506 44.51979582548296 172 54 229
43.88010567049013 36.22089678110645 62.24159131616559 3 102 23
33.45190596652648 28.34271210760535 26.238106034332077 102 115 3
36.02153608620813 30.982420520252806 55.46111789833938 219 42 203
63.16728906298289 40.844895687510984 16.463691011443473 17 238 131
67.58442909808463 30.54963998394802 73.7285666101977 106 186 177
17.03629281955029 40.2692886749624 57.243651878366684 114 235 100
58.83538096516878 3.5915239644861763 82.36926078543071 9 134 11
68.29670841857416 81.38941088746296 9.008987010297009 194 185 26
89.03639340255603 35.082888138362165 25.053315630222173 94 139 63
81.65119574310327 57.0254951247368 65.53186185895046 145 114 52
98.35424772328359 46.031352840855334 77.34338100152526 184 185 180
3.640480724372075 73.8808871979905 39.22712737420966 100 41 17
10.031725490595445 11.060887102879068 88.12661328152656 133 125 11
99.36332327406936 42.49334434701018 62.54698514242146 43 116 18
45.81571254734597 5.513975562266071 88.12704636087257 127 90 242
49.797999766086186 70.23852096994699 23.58100748168318 87 58 202
70.62540195558417 77.50390757941403 90.49531809367876 179 50 115
10.405841232790959 71.03013086550585 98.21195984356187 20 21 115
37.307209604931536 50.993225250476456 76.14848129391211 31 224 242
39.9981788194475 26.943187264341784 57.29116911644048 217 239 209
9.061207860023845 23.49394772760838 46.08339038566472 40 251 207
39.023758348350924 55.44378539004309 15.285472223195962 41 82 168
15.737211831854758 26.379634511233963 34.31298964562305 171 21 196
88.4845330100655 51.240965579108945 46.711048363911914 211 190 121
50.686905098616464 67.06898501920544 8.37554435970268 227 105 221
54.61351711643974 83.98314399335877 28.40772262571355 230 153 72
37.221711509842045 70.48510088129906 39.54268610559595 189 221 227
20.249106870584043 42.10372964116422 69.32061654565915 169 115 173
87.96435062112448 82.21415146516763 1.902905974699498 194 49 220
21.516139947825195 19.077471865464148 64.94429319741685 224 60 98
46.49534258993231 87.68166620702247 58.4229083070571 236 177 45
7.974680785920752 41.18120696829176 60.94782282994369 178 134 245
38.68397371201199 40.43421566146604 12.89003243156628 60 53 150
5.823321271106208 35.55964157587746 29.737494917724028 100 53 43
70.95654520417352 78.25879060643982 49.314707336578046 27 241 48
47.04459055212337 33.97886063375014 54.82717451348653 30 12 253
94.49297123244857 38.391721199332565 44.922707589668306 234 163 11
32.55581639282597 1.1073125024226083 80.87454502570127 178 28 251
7.956132947577688 62.46346329635749 29.29276410478483 90 217 29
24.47955425155043 66.49597137099077 22.104861377452156 110 179 30
96.8465964940639 8.095192453054256 70.49583412889767 80 104 120
11.573546835890536 26.636519552573567 28.581972490524656 133 86 220
4.938655177264084 57.207580855283844 99.26813751543838 113 221 184
62.660866746941814 67.5583134295719 88.39979662054797 206 118 185
2.4919178063704472 31.121756546041933 34.3008613635595 109 129 237
75.57674688233597 39.3820185810926 94.35562272491123 228 203 238
57.045897774417895 89.42691061676307 45.655180707329556 74 154 26
43.69936270260914 92.07977326239649 26.029918932453523 234 250 99
25.593430562880737 3.3585634509882167 89.1120613269217 39 225 173
98.55757178644787 56.39878247383881 92.43562566250762 114 184 106
71.79193473256178 55.07606007821136 61.94204397234735 201 174 30
45.30949427920844 25.48730967076406 46.513169188663916 22 201 46
68.60988028138497 21.747373141414673 70.13107340616753 135 236 6
88.06148567875441 61.219003497133784 20.73571851484346 173 100 19
75.41907774305756 57.74379460672887 58.524096898873324 224 38 214
44.04791025422185 14.54360076207415 42.95250197618099 212 202 143
79.03168716893842 89.51671186699109 38.64906963467796 90 195 107
69.61788315450899 11.398998117735248 73.33627615296709 229 211 77
60.544121985232465 85.87309526972223 54.15967418775794 214 80 87
66.77592071257179 14.80179497312305 56.91429253201452 53 182 183
94.08833931277864 61.38592996208138 50.885921433306166 191 236 239
6.699237980267759 29.690378088443794 11.650451605241463 206 182 45
99.70422411617668 12.570328129075914 67.40752015834099 28 31 172
96.20520053188194 69.92669586761247 69.40953879200397 110 113 84
60.53512942150305 75.22557145553776 32.86574896483542 148 7 110
24.568215775842862 56.569860907593835 56.37277887135976 234 53 61
74.41184568533474 26.987907140952395 51.405277532185025 30 115 225
61.38614188384016 63.11679125528881 40.58721093628467 180 115 5
41.62862084417826 41.65841098799786 67.18821526683108 237 147 2
31.372083593313636 66.86209760355727 87.31962340772354 81 88 211
94.32808083260261 31.264798903159196 40.34843350994538 243 242 95
68.99817842879749 5.8614779480157475 47.74915036408284 86 189 30
48.40020065537618 88.08554967825461 22.554956012832783 243 13 158
54.84382270299635 78.18989765803325 63.27084813046168 109 40 28
6.163776908136997 62.00929386047246 1.0290694741034834 222 63 5
56.30151452185827 54.26787556386342 96.29585781817656 110 242 89
57.33710031840232 78.62191575919881 81.91049291099455 218 206 223
37.969299114738256 3.9862163532655592 98.9220899769881 204 206 72
16.9178167914784 20.30835123166196 7.793805726303226 236 191 193
71.60958732300173 68.19158292969092 3.2125763169973287 201 161 170
1.5802782225557754 56.42559068216894 50.05705660784754 210 143 111
61.97987057728853 28.802288082251447 61.056987305228304 26 66 136
81.06191864907277 19.247968345639 84.28031068881732 64 74 167
13.141670542574257 53.40578166917638 77.70502724116074 219 208 85
47.74850213837701 79.9052804331754 46.6026246379838 19 97 134
90.02981662160833 8.646276122489594 71.04876881763163 199 92 171
26.28136586621814 82.92887941529801 80.29174139196698 191 78 159
82.11496187079568 52.04302935090054 48.59419107629775 205 80 230
95.49805047363918 49.29035797524068 15.101608482974505 122 135 119
49.91795325453716 24.086812726576568 25.80055844520276 31 77 157
17.38100724630245 55.96201581002186 77.16851373428658 70 108 66
30.935571018257846 71.54413709768326 13.079472532523784 10 123 202
61.92735472781949 45.047818167006106 4.247545199210845 82 144 72
99.21280769280683 38.8558141863024 74.23376888070831 171 227 26
82.965908175862 7.428063402802277 40.01674475034038 125 138 140
12.347736259955022 67.34851053962363 6.479676560145875 214 81 141
37.93602214437411 24.630540524466294 1.9771524271171903 50 126 182
41.14074231096868 41.68492758721924 11.433977684368857 54 10 75
54.50605617826181 38.28549764393892 60.15277058838953 11 206 93
60.400685664766904 19.56030952396617 17.561123806073866 207 31 11
28.64754680245012 49.04120341115629 28.345138749269594 26 247 67
84.59638158654127 74.11000359608863 77.56363853462506 203 110 44
92.39445461586993 26.211510168365017 56.12310999996469 185 24 254
59.0924865491529 68.82481664011468 99.06230148315598 101 32 17
15.005141441835235 35.696283021613176 18.0291468363207 55 198 19
66.6347453720475 71.9779601938199 73.65102080222992 135 82 223
98.60800870858456 66.86014127839587 26.65921669383944 185 215 43
79.55028369075889 1.6493915795997904 48.024437056491124 172 202 69
98.65001986946261 59.07444721582487 48.32419825146418 238 18 197
80.80442365079703 73.39041008962155 31.36474268624282 10 202 95
40.580572646315105 95.52204179470264 73.92645070616288 57 107 65
91.60628399679874 0.4033708419415194 55.53733036923545 21 184 70
17.1915451049362 45.63375298257162 93.48600766658527 30 45 143
79.68121175230178 70.81843535542966 98.88327246372607 232 25 43
35.89752247519888 98.17020618445615 40.42660096337553 210 86 176
80.62886506611166 98.23130396231583 50.50986811980057 232 80 96
41.97858279914867 34.48203284023714 11.282556967514012 181 227 50
44.961547889703446 10.122879781160854 29.96877575770649 129 201 222
72.4212406714899 45.87608630333985 27.913337780660953 170 242 184
25.468192906905795 4.113896947837558 87.07455407778666 159 172 80
95.48145347677347 0.284811152711395 92.61329029600527 17 139 177
43.47514442795225 64.21452386340246 88.35468859060924 228 199 209
63.45688229830767 11.580426915318842 91.67999974318892 50 133 12
18.375709112754002 88.31102504110429 50.23546479444477 97 100 223
50.39385964454832 59.89515429541339 30.05531827068807 186 93 204
12.476180822147963 34.08854794581637 4.556376991390987 215 154 51
62.56780642400873 53.203209230063955 28.57905869517372 221 201 1
32.7568749940263 43.42121306496174 79.36896046972133 86 46 95
97.56415523909926 9.189824706320426 86.1959887093178 120 204 159
42.57244292926018 54.96761340614008 47.21428155003113 33 115 59
87.65003152149754 72.07710695185297 2.1326456773196556 93 85 71
69.61654563331186 61.2919417418451 34.186588298827225 140 125 75
94.8653416518614 61.59608687767763 67.61121880009678 214 228 2
51.65176247653531 10.287977093816448 96.07889055127285 147 194 92
28.875097782181435 80.68876433886793 73.09352698621919 5 124 95
38.55633379486697 91.01515067450838 52.769501254862035 148 158 160
34.113148119090795 84.79360014332542 35.3489527499187 135 225 112
68.1651719371881 81.26300244074834 28.746945296679115 149 119 171
40.11073008161542 38.71234472513607 28.81588562912739 148 132 69
54.18336124355767 68.24233586957361 76.28377226096521 49 233 156
88.14159189039415 57.075685967615996 7.777115270387036 70 142 168
67.12608612837552 84.7584161390422 58.2582413634629 19 48 198
38.42863312153493 41.319668689788145 29.795293622387774 117 87 6
53.78976559897224 31.053589393912063 39.98601984078204 157 18 6
25.14538415940989 89.8544440789334 36.65544951637846 44 29 55
27.18495930966349 77.21373564805586 83.66238992107982 25 229 1
61.30884303270303 68.75135530815267 16.737256483965467 39 5 63
67.1623193019789 62.61498277057955 55.128673791710355 89 167 48
2.398549602918687 87.793999938382 62.29059866213061 145 128 174
2.1387387827394466 27.34418736735026 40.66493936188711 143 236 169
56.14997366879273 31.13330727604381 46.51368631109837 115 193 174
94.38156234701668 25.858634998795615 31.374272382799763 122 86 72
76.45865158904931 43.0563362799745 78.63382941538042 231 127 59
25.234510871458372 85.35754148291832 64.462205720638 195 85 148
1.6947468580020275 67.52294514612284 50.36669745950928 147 49 94
72.46980908268503 80.4198854311398 14.328184441820358 240 119 186
91.96597674475471 85.14402325038026 64.18073206761548 49 6 195
89.62670424140121 1.4201959892777616 1.8742069237091652 191 238 83
85.98019178128004 83.16955158425824 32.71908494047994 125 42 14
36.747409127236295 97.06590121658435 37.799090463902274 67 244 171
36.14707764874668 32.82425145579153 59.53232890857826 7 111 233
73.34725314355589 71.10691130788524 34.88505902858476 165 148 192
90.42186027555265 33.973095867035674 53.95087731705568 224 73 227
7.75662642682724 9.85012389631702 15.396649633875825 161 171 202
71.13202361477371 19.61855769483258 97.47690846674986 68 205 113
2.1480490334546243 10.568564512303292 2.7002302395529587 129 125 200
54.64146930785777 92.12592262514293 65.5013115496949 162 246 147
59.612530659236626 71.22692732928274 21.07566826826187 102 177 22
81.19475460614021 89.34257541443719 16.4519972873854 198 97 253
68.57510624717789 89.15229254308113 34.43000117438382 80 172 141
21.647310713256505 51.92168175930332 90.65564913978004 205 190 105
50.640264265846966 0.3608401253919369 33.23621221526144 91 57 67
97.02591134315134 83.18022127430329 13.245841099066237 243 212 43
50.633766460268134 72.20839863818689 29.50853834381504 39 194 90
87.97682528632706 59.71585894656689 69.37615047392369 88 16 7
22.15805323756551 39.864729350239756 41.98896903293973 91 4 222
84.14749268595634 64.7766774239986 15.797743750406191 211 228 92
98.40436984613817 51.818415948868726 47.95791516251157 189 207 2
8.41071484671997 77.02230527031652 10.5366393834739 48 211 178
96.26535101451452 61.20133518712942 44.19528981796614 28 127 102
7.578758803016184 54.83455182106164 81.95667823618614 254 130 217
81.96772138530729 68.17866903916942 97.60650756989305 205 232 148
29.867952860737212 10.730118686275802 19.919988978255333 88 106 120
28.49548586034031 83.98246316821863 75.891257483299 82 21 229
9.862702150403779 71.69757991946206 55.05751148903148 184 168 30
18.999751184785808 49.37374437530718 30.371079953043566 254 150 151
54.091085865864954 69.42526468200481 97.33794065238239 46 250 154
96.19218244451925 99.40030785214256 56.70516292840265 97 77 220
64.56251594803409 99.40626272275202 32.174235649223704 226 105 80
25.39474419759895 22.274218698786342 84.71198919515595 81 99 24
53.73119298574477 29.80130895873834 21.23259104647164 2 39 253
28.469334699033055 13.025201893945892 45.87776346753376 85 177 115
92.33739037367047 29.709781434472493 25.909579526256433 173 230 93
57.276504674157955 72.29303925311483 36.37085159898915 75 38 87
91.44187119559768 22.14363682706577 64.1189566289155 172 142 142
8.613411858662479 47.204202544858276 34.494702724510496 216 170 72
51.70703114307601 49.51861126729449 25.580363907463187 47 65 59
37.7568299904114 54.73490848328275 44.50005506024949 79 201 216
16.591636722385307 68.87153289036493 7.227982718040704 193 187 210
4.787850164355323 68.29488030826121 23.54046114409466 94 187 89
41.61429104685911 70.28216942805268 88.65798858343051 72 185 41
86.80069271209706 85.47307239328504 5.293493277870875 224 170 25
39.204106514432105 35.12249943277972 47.709349238343265 139 83 36
9.898844176415034 28.968692732116573 62.38321856357505 189 212 215
77.89524131209849 20.775890782886965 18.323427411510373 122 127 11
97.55746456183434 63.687868906133225 50.22789022000141 195 213 60
5.735338988922556 75.36317441966662 16.753483991048903 250 174 67
96.48187155051399 40.81831327961113 47.29998830892706 227 158 220
30.766121788070812 49.78209974726235 7.996087249649165 154 233 55
27.517593814364417 4.401430196232536 51.02410727889109 53 180 103
26.297707677751603 85.01126105491275 51.992123066203476 35 63 64
17.468358517755068 17.503281121951886 4.651424375704449 114 255 96
35.436487138411245 10.149057748979494 58.69592868853088 129 40 71
97.85408990324568 83.54288863304686 18.437781216920122 179 253 166
27.939675804271424 91.05278882485722 92.536834391949 252 83 237
8.691829607540836 53.668372342447114 8.315660413980307 88 56 221
12.957957491649896 20.712561514468597 0.0982096296581636 44 152 200
19.308209627976403 23.278479560870025 6.988699493065864 4 238 138
33.59087297856114 40.639135109553514 90.01482989208661 135 28 84
73.99296301057662 29.869033808891853 5.990541099299785 200 81 126
63.417951082157195 27.564464820956736 71.14023548126579 227 73 225
87.97868458874909 70.34092557135433 62.738251386293065 120 42 225
91.28180702603375 71.64813846697626 53.96148001240778 119 33 221
58.782855632689824 58.738280948450885 53.97365452785178 31 197 206
18.58773804304137 11.152493749394877 41.0394747845159 98 105 67
19.37391329507254 45.092435143912205 76.22437268103623 168 183 53
3.2476233128776344 74.19371702469014 74.92889855520458 19 106 49
42.92396319521744 12.629429739322173 85.02951504195096 133 151 57
66.13423088099252 10.695742236837603 76.5824456485535 14 158 248
14.08645832052442 64.05574575918352 27.663315625736516 19 10 240
29.52527364041132 77.06833426045546 93.6699512327376 242 19 245
8.788008256772873 97.96902317518062 58.95327606677318 122 70 229
82.5048828321128 62.400215727987764 86.54371020018768 195 135 251
73.44922054086408 63.647549576090825 36.527646283382374 89 13 90
65.65345417272678 18.102705489720805 9.757096857265479 176 24 238
65.35027159325428 66.55434561348498 70.44036185251295 143 65 169
36.59502245693411 72.95878960803145 99.09438168171897 192 228 140
8.53269713793573 77.84867887855272 52.609849413790464 30 131 197
19.084722898473462 82.42712086908949 47.99539595196307 211 138 51
34.179649962930746 79.02989047905398 13.871373115989794 230 226 30
51.30706496406279 74.8199822539721 53.059503009362295 167 38 189
10.842672309792079 47.54544824196457 50.68088563710547 167 95 165
33.91912554377827 17.618743215981812 25.98910538608714 113 126 103
28.183820442604425 60.777156107543284 29.62164877034965 96 10 41
35.110935326174655 34.70989225025364 8.883688759798481 191 95 179
78.07771384185546 64.2765045484845 15.853104115054983 206 190 95
38.56875310314054 59.71927806026328 91.2212049945876 93 82 67
78.96892490906528 15.452150846448543 81.50487077438497 115 205 112
20.715072897284582 11.891676509081739 10.16437524120094 201 227 130
13.30586694785626 76.11957211547895 31.756877106122094 229 189 23
15.962566610819595 29.107374973119082 21.00523082709731 224 56 201
93.67312006724325 86.4049680421628 39.96007417355172 33 243 136
72.95743380634259 87.64697174035533 51.61208626248981 44 2 181
40.919923750772156 8.45246865308229 8.640324613442774 145 84 195
20.900889222754426 80.21013896249345 3.6688034548080894 63 26 241
47.13337754200991 81.21583363739748 70.59143073775576 136 32 224
53.025816877654776 12.46359950377245 34.29707788361143 62 162 218
7.730597972688702 77.32275323819194 13.50151410804241 211 221 72
94.16891985798432 14.038137057406141 44.32822821534028 163 53 190
40.24492935392463 99.58196689092762 52.670207756063746 251 231 192
51.116912216845776 42.413952072616155 14.041722821937785 247 204 169
62.557059944785145 98.16041107811822 89.36250429127655 175 19 106
48.01867219490035 87.52824981320039 63.61352080638433 30 16 232
80.37268592640656 29.7896547087961 77.20823984603055 167 52 194
24.643460052680243 61.208422438584485 73.81802834496428 81 69 151
32.674117547940455 17.567907193946276 75.79461266368362 43 131 211
22.628683585541754 78.67877744695069 82.7032641654864 216 168 167
64.67405994258844 4.005903195737792 99.21232651366952 40 168 182
4.098867564453723 9.40825855083487 76.0096624805035 10 212 253
40.47549894022151 20.92203093316406 67.80427064870874 154 227 133
38.15088650739629 91.46114064932989 13.028631420304826 175 249 68
72.19252245427587 27.624052759855 43.72890598774438 160 252 204
53.6886720303285 67.28222523517444 75.3978458667086 194 226 25
28.712541308199924 93.52186418667226 75.18885572426053 121 190 97
91.95401170283446 9.49258652722188 94.0059964929286 194 58 106
95.58129699411933 22.89770026273741 90.28838602691245 41 114 120
98.83822857370531 62.79143227988293 98.7305026995752 124 120 126
87.66771989167557 38.01727510316244 69.47187399631538 60 77 176
75.67290295964985 32.45423003762479 47.15747831845588 202 104 126
68.31654715068719 52.09735850648376 85.35850830043024 181 220 106
57.68599817701936 1.186700958228959 21.73403629589423 245 218 226
2.6223535562501232 75.85231115417245 30.526853610266393 212 148 212
11.673113427893245 54.2388659540468 39.97877842160441 42 16 88
68.25945069156009 10.424170472786077 57.416121825544764 189 228 136
38.67179263336801 37.702880373288295 99.42710559296938 138 65 69
64.97787869501906 85.45784491403165 29.999333610102465 230 15 130
33.54015523083439 66.81285117855917 77.91375243392571 13 102 49
3.4265134589605672 3.9150869988501147 34.246744297455386 64 119 215
91.32937520215815 39.8344389564673 30.59578523940659 115 102 213
15.390061261438227 54.9278709949208 13.63633471814697 221 114 44
60.202792381806624 98.77651553750833 67.794991103834 26 20 169
10.82753027914124 52.573881184667215 87.0812696586347 11 154 165
22.392786305167878 10.676743250398236 62.289465481721976 154 244 43
12.275524558530337 51.91382910794299 69.63266907829299 87 96 140
38.299734608664885 22.60740012899346 21.109890870098834 123 75 41
24.23051407254938 83.96235531728902 51.179220859960516 60 253 124
14.325750560901051 69.81737836487393 65.19688865717862 93 8 171
44.04996184142913 38.47129581107607 95.10346574970998 161 16 115
52.39910645139339 89.57075081273143 90.45149923676759 76 26 12
91.71304287430033 7.486133723188059 97.46790541538954 121 16 157
8.383565041009577 13.26189466934019 35.76168967346957 241 75 40
28.457422534297873 83.59347132390891 97.79230103145544 70 71 51
27.680103623831688 76.28161731942107 57.51358000243735 166 3 81
48.859330305758064 84.60941894103892 54.84686003663768 83 122 21
39.31683324230095 98.87835522718122 5.896799287696252 70 108 31
67.3500284526328 51.16578832381281 95.12429028839873 198 35 105
74.68614469488793 51.90293714145496 15.989229030384456 231 68 199
78.46242524833033 35.23306066757801 7.766933753959071 197 53 164
33.8264185810737 28.845051398980935 66.15712003356927 143 224 35
50.277511067161996 66.07605196711486 97.71353557429693 27 142 242
50.7589591374727 99.96398373935537 17.732416322071586 222 115 238
12.59093194195322 45.47034541625678 18.693435297565863 216 157 22
9.878984138472301 25.58578272667924 33.22980455201646 230 66 77
25.2459358861057 86.21445965660853 89.43428795760443 148 113 69
37.76294289732193 53.783553010375606 75.54187970291409 2 59 247
57.879582498624636 67.05486006663662 50.062663598400256 200 75 174
38.99252152086872 22.677033508077336 17.60156182034415 162 193 197
80.00498785567262 33.097900113213456 41.16520170952036 38 216 137
60.70918602209715 29.482250417308286 40.92666318138101 222 108 182
49.903083600842315 23.614806696860335 85.3412300464658 61 128 218
58.601206506697835 17.211472720991473 72.26231879996264 66 107 202
2.223205462242306 58.85288995887424 20.316072787468464 75 197 33
96.88851765903512 65.56828327132234 0.21275434757663803 92 178 89
67.49257012036355 64.0481524245282 73.79754426455123 116 118 77
46.60898955916012 55.10211641203197 28.30464884171867 50 55 180
11.910512849192035 52.29152725194298 83.24640375578474 247 78 130
50.12297072636056 3.081091509605749 57.35014590987485 135 154 57
62.8540807216199 28.23298941313971 48.594820626548184 112 231 26
95.24127452243827 45.811548661926224 48.27831746564543 166 49 235
84.44746370885036 11.814837318470373 62.68520620325874 88 60 136
89.74502423272119 65.27723263750661 96.77971091570056 247 182 45
88.34839191049439 15.307456731932657 92.81500782557616 130 142 155
46.304073464273564 27.99054396765306 53.15933524748956 96 46 199
7.580535086665108 37.87789106570841 87.26139248505889 76 106 169
78.91400990363965 20.84287280240146 44.71927561461765 26 21 26
25.791618887271696 69.75364169458946 53.022987545245414 194 131 28
74.95999768807086 32.51051919080348 3.7928810948124947 24 208 199
40.74285133045479 22.751058455262573 95.2541373013071 217 109 174
41.879038854067076 39.617260180905944 72.2282459822046 217 79 178
49.13592636999182 25.51979224807529 24.980440813980774 92 173 158
34.13047809278491 14.374134815635497 42.66949533078033 216 218 176
70.05975455292808 40.311779557370286 29.672579566284508 11 101 225
44.79786104306513 74.81156319403712 8.410186018980582 121 237 167
76.38977041300427 73.41524090074229 61.11874672218845 176 174 53
96.63358309939537 49.98845354967042 26.893872340827084 157 9 103
77.39852658947582 63.601247901240555 26.77426519710141 244 245 199
89.72097227150813 30.707447496768626 57.11270160768914 164 227 179
91.63697638899237 42.01241571939006 74.38028302492464 183 253 190
57.16679677484233 21.28503188965275 8.205678277337391 222 0 157
66.82170340633645 62.88032372288023 35.1316573173875 214 188 224
46.35041945679282 99.81975563013636 35.484012396982614 241 85 67
43.01410619676156 7.290284495178256 38.03751342641558 44 36 12
81.24415144926259 33.17129233601827 40.91173475340454 246 1 178
16.803315998403544 61.91912621457997 27.35613760163542 137 218 6
71.18260031899611 78.50768488901952 77.74559604219522 113 249 167
47.50543550928019 71.25366497755216 6.099240754842716 98 61 178
13.197081182688198 35.797580935956674 23.588957512964882 131 102 75
51.56744732277018 55.25462610277595 91.58884984266975 188 82 83
88.64450746741028 95.01881611788396 72.54027013491242 255 198 25
58.414929304215555 74.76270480776765 3.9133787862457026 212 57 25
80.34835982966713 48.124273484432855 5.417420065629031 48 44 141
49.90848475582066 14.150625818641316 14.86775507863598 178 80 193
33.83272270765071 8.950388242554519 27.215079015689124 104 179 233
76.37460429173724 34.80695585553768 63.57564651287332 203 134 124
55.46852805592914 4.27330749610465 13.002923077871987 131 254 9
34.85242409235142 33.99452979945177 95.48029481052328 112 176 221
81.46459740216245 66.11216901512907 77.39838581935314 163 195 184
9.748637424566242 21.458409920321863 3.753532399428494 168 18 249
64.62415293898832 69.14850104232717 78.54843280338008 165 145 168
12.518626181215431 0.8652243847961039 46.41101898062862 161 80 60
10.650947801120637 17.775333916436452 85.23051534056283 169 166 135
15.292600909402909 14.737863131310668 78.53492273678249 187 211 232
52.52730141000599 94.80905717286532 75.23378797066866 64 55 63
53.541385941262284 80.00650486340479 76.99355214617628 157 231 142
80.09966466870611 38.29168655681562 94.60733689318432 180 158 246
74.9272074916286 6.628963341638904 44.9107751642174 168 78 252
42.49564045920514 14.080617251678618 90.66300935350377 222 4 143
35.41068132445562 53.94038031053825 64.8762984769256 75 159 146
13.359608590060567 0.06762581409551771 36.79618267004727 236 120 30
89.4859173751495 38.47436969069854 23.50117857064966 195 184 15
53.132462660715 92.8882283987873 94.23863602915773 110 243 218
89.09149549755251 62.954649813282536 55.41122250313612 212 134 41
18.714153776057795 89.87722210681743 4.783419996128957 189 202 171
95.29581364607735 88.98835255305403 52.13420354269359 240 185 119
58.83610432837551 87.79561593473218 79.3224188247419 218 200 93
18.28108204440102 25.699120211771042 50.5751144383621 105 159 78
93.33378527880798 75.49878196454733 39.713115450034955 118 198 85
34.45109085659316 53.12021461905597 56.88693001855939 226 230 91
6.2480451726257265 80.23513868562401 86.04177782031076 212 189 56
84.66352697216314 42.62483734699642 74.53269861012853 129 51 218
86.29707443707046 56.659264038377835 97.77613830409061 216 69 193
34.63855693216586 77.00293210617191 90.19797361419977 202 120 96
23.749129202857244 83.91277408686948 35.601381976128856 60 36 182
77.52102426217704 10.000725530147204 27.950957315116177 84 138 29
20.089472482220994 59.27095030038334 90.90905259600244 194 231 104
79.37450572445931 39.22136778886591 10.660954650170407 220 223 154
86.11324119389873 46.8725370206017 31.959234655995328 196 152 251
11.061194161850063 97.24197071628831 68.17405619905605 132 95 216
95.18922551726482 56.94470651786373 19.662232454196637 21 125 30
74.5123402565317 93.63444516029095 4.108221659863764 45 43 176
21.427841953167594 94.70470689205027 11.726628329423416 213 93 107
17.819855742889946 65.28456370400384 77.3682323020896 47 129 45
27.349858995180586 28.764248417127103 41.5965179522972 126 233 70
41.880325589344636 13.985643609264308 70.59425478112958 204 109 140
72.3907138434901 86.38220802029242 48.15136191032467 167 9 107
31.498606019065335 28.740363430737204 5.746042045666133 214 153 95
92.18853863437656 87.30575432816941 43.56781556747047 221 86 219
95.90884167043123 5.536203180732002 26.888091359322285 53 149 8
49.092304151906994 79.20955435646498 40.043568368776164 39 163 86
77.59659405200341 89.56703335551181 1.97931763574678 232 254 174
76.6897402513248 35.887223588666316 11.25902831838218 68 102 201
84.10652328937903 73.95541891976004 99.08415967571152 97 90 122
35.39304383649775 24.368720741214066 41.503569170320034 55 197 173
15.195853514086687 94.98726389788983 67.91021649239941 198 253 143
62.23355705483885 39.03194459543471 14.318647386861594 235 172 86
97.24463291406107 66.7023708989492 4.940898147024731 23 65 19
36.005006144740825 39.54628987464348 13.31108306280624 51 110 234
98.2595784116662 97.3916331797941 99.66975762909534 150 34 252
88.75805378526023 15.130444214631245 50.46542978709644 153 165 127
80.109076629071 27.13350196680763 50.5565392045354 91 216 84
76.38729083108169 30.126302030589734 1.835200549821181 226 151 134
49.80271065305981 18.959478060857283 2.313191593831576 74 62 194
74.66502381016798 85.2853070257612 16.91851549313673 55 238 150
98.67941714593402 26.57038708180359 90.99141508189838 252 156 61
92.56450219251624 55.43314253238151 76.32447168728103 66 188 255
67.29422639972695 48.73217018223285 90.0815852294019 153 92 232
92.07853248284424 37.32321450408115 2.5123437684800187 181 135 136
44.594259088820756 64.56209509376227 29.446166955320187 182 56 209
72.97768951352602 61.50883516232489 80.43651183670963 199 226 14
2.650468278404816 24.87314144238392 9.399017783830976 226 205 173
22.065611070748638 88.95862763419784 18.85577053729004 108 64 134
82.76239107271634 52.57649950331541 54.605270544619785 95 19 37
39.47715464701778 26.909168164213504 78.8664767370701 7 201 69
85.17893795974544 79.84907224623576 46.71474504137871 37 245 167
39.42849275587344 59.09341165044043 13.894753246543823 140 190 13
72.97905903271378 21.35491596426825 40.75517095685921 16 76 22
79.56645434441052 93.00296662186646 4.93378545163814 225 98 203
80.83188798560013 51.26659067649847 8.299690007167715 155 161 253
1.6777572494061976 81.2368643947696 36.23796110023386 107 165 127
21.40673222458397 17.16444764650823 60.28649576045352 85 170 81
67.007019197858 75.25892669712245 39.9864760793986 169 171 246
6.129107233923037 86.09884749977168 84.10668014577655 147 239 233
41.795744975191354 18.03044922297492 43.604713622765026 160 213 198
42.77974455093009 77.18241398914587 83.189644286846 185 20 92
32.89272947373667 77.00436499836981 80.48256608193095 211 140 220
40.109281371749795 91.03638891698573 32.80376213970327 152 28 203
89.39964834261103 60.86166191242722 73.75460021726671 77 200 181
39.19220616069153 99.24723576587385 63.153179679349 79 149 175
74.30384362335516 52.14028291682209 73.60777454811688 52 96 68
2.6692727663328752 6.696645032133464 50.09000448228704 14 201 153
69.91362392704094 23.551366029750287 21.258171009972727 17 135 32
26.328521037647157 46.21013485589882 34.87436564466125 5 28 41
12.649650297395576 88.2970835553993 27.289023696177395 215 42 121
92.65072728192175 8.42645371367271 7.403118125934515 189 132 120
56.35931147181801 64.09900758522707 88.46806431237644 100 188 230
62.99591521143791 50.122062620625684 72.19124834963058 213 74 89
38.80920016196552 6.915352263295316 25.46303148683102 234 199 228
4.033375529069383 61.431962409469875 73.12833008715445 16 156 179
73.37414897841708 93.47004566747877 4.049934915281616 120 216 99
64.81834632448752 6.49018920241673 81.64563808475957 73 38 123
7.17953379131302 1.7360570275433584 4.459443194460777 90 141 127
63.59438458494711 82.97031790390965 53.41783203360884 227 163 114
78.0668332909286 55.41001063029013 27.432604425811025 204 87 240
7.951152249683235 73.83835944996645 31.086379961151955 174 139 22
65.74072989758635 62.18454769716312 71.35780859467523 3 10 109
58.39316276927797 89.33746795158996 14.730202246838953 58 22 210
67.31931320636055 86.26954515157084 82.53674198213858 12 140 138
53.67584301980833 18.80586939329838 37.92227198768827 22 129 139
34.24719687821371 53.132725937421036 70.17783398869989 178 8 106
46.44096529873213 30.386516813723517 75.19918333557746 48 6 90
86.14470698516547 88.82479875813313 89.14150177241362 250 151 175
49.734384077833425 72.01895630693788 66.634033951231 255 253 46
67.65453268634265 47.52376563484512 26.76224776048063 65 233 205
68.91470265933636 39.310941495330084 76.9411656645312 253 210 211
36.71048435485857 79.0775676441202 85.24847710164943 121 90 20
89.2623564826067 84.96936597002156 10.154669800428728 33 168 135
66.89139016101755 33.34376980662898 28.211670688974344 133 0 67
7.274304735147464 50.427099533469544 76.41078197034547 240 70 17
12.636313076766259 90.0195436712432 58.802326652528414 213 147 182
33.18037560666316 3.1343730255623092 54.72761727016504 228 169 247
24.085658666431755 41.424698286524894 17.730867709469845 250 131 143
53.64302837663879 62.690359721515954 14.913956424111996 152 144 40
8.17594667661583 41.345048732442066 32.12749303359934 20 120 123
26.90312788366038 95.57263518396584 52.85205948471779 98 152 213
14.35437608013258 65.5629947091701 10.74574775949797 72 57 255
87.81007262292032 51.67926501303918 56.38781584730559 155 11 39
76.8925049802321 9.096622092418304 67.4403312628579 203 118 91
67.2254183180323 6.230243016914527 53.92476172929436 250 10 175
71.26674232921928 71.43825377046828 63.15049063834807 5 0 66
79.21490192722858 57.78208357720989 4.556811555918127 236 193 74
39.43655311231578 54.22786594391925 86.79607547582441 194 237 189
0.24459054954240056 17.19136918351434 67.187829734692 235 104 97
8.089601575753946 15.816311837429186 47.54417571138879 112 198 224
57.27260360184593 3.3201192513338085 36.574437932990946 90 18 54
65.03633134462751 94.06787730514476 24.829975662213442 119 15 156
56.1786950489924 39.107845307208045 56.59173701852998 95 6 19
71.92475754490269 22.521130942352595 18.316292133268075 248 168 154
18.399716339730265 16.342185791204667 15.259922281346638 167 250 207
76.30951537452039 25.67168267302694 57.65201707408961 47 55 121
51.93979629503237 69.0421008927309 92.18301390251195 242 151 100
42.8475285851049 86.65987041063026 71.44048828485501 189 46 60
63.099847833376124 63.82456624599166 67.03926088085029 173 221 151
52.00589145764126 35.041032615017855 76.25456379535926 67 101 83
17.321766941180037 80.9577783455086 7.625980766894203 162 126 65
15.155886837219779 3.585488589904051 29.835973625611267 108 242 209
81.4685071723172 22.0109028365446 37.69998250752364 61 195 177
27.29031032952457 51.19991385454937 97.79232793962133 190 178 25
25.661970998866124 39.09244283655495 38.46787569330912 146 162 61
22.839569475496667 44.081292026653664 10.155883717596826 49 50 66
30.476464824385076 36.62631407691599 63.06898975192633 167 130 9
16.175300614608524 29.10920979354796 33.09401863221419 144 222 67
34.83618926101975 49.44674950404252 40.756767252757555 53 189 97
96.37853396446658 22.2517574216169 51.86206558122329 134 242 174
71.39109940974662 50.700198674086785 16.722892921740417 64 57 37
5.7127138530362 70.40480965769787 53.76506404784297 208 93 159
69.44618079637243 89.62442787501713 14.62163611753261 184 74 200
62.98014752977548 27.604048925522072 14.445581472972624 41 212 49
60.695013525454435 2.732011769824072 21.840172709869133 53 12 173
96.55378407894554 15.943591992429207 27.24076736514689 237 116 118
0.05924193463309191 82.25749144697113 82.42397527569517 193 127 139
27.364446279211997 17.804573242871026 73.65235322746557 124 190 197
12.861375594358993 22.93447529483138 39.30457225688296 134 25 169
89.48696141462362 69.14166539676899 13.149283204068407 189 92 130
0.3591364561449262 2.251003255481976 96.09031711377942 213 31 185
95.20689664025944 93.59495710729134 72.5733130543811 29 244 132
78.34529607314829 80.28851470464278 69.16908086615601 6 4 252
42.56290931975193 34.08918418961292 39.34377168209336 194 109 122
88.06779491402182 33.08181058303742 73.23501702978137 7 223 120
26.34796996350882 2.3518350447377934 8.45841811256024 115 59 116
5.150668916332124 58.144384612479215 27.58989286419049 165 160 178
48.416033155756566 77.42617628479435 0.9631308113274062 30 207 25
80.49711880441377 12.385617633214874 86.68272195867608 184 201 125
29.87896817366903 41.77479249998453 61.11393274975606 130 43 153
77.33180674750425 61.103264412647526 86.33970907987877 124 143 14
6.391920018735398 47.96372555642429 50.880660647187156 12 47 227
20.59030166900232 32.066743015169095 56.999854217574644 153 211 120
38.21342547361438 60.18688279006823 93.74232306437676 69 213 12
48.78928349836394 80.91378268441014 87.00975474944576 70 208 122
89.09005526580177 13.034885621175885 74.90004277433619 214 120 33
54.31202445205915 83.16497035067268 22.64451744608291 32 137 39
22.253480024779737 74.9320413534404 82.08416246227705 85 73 62
15.719319672353215 74.11779691844777 67.0099044176212 67 177 205
27.931214314768415 95.55971276752892 70.05800567697976 156 147 179
65.24690068832388 60.713853004766825 87.34416920507635 40 152 42
34.76060989974318 55.35381501343072 52.72140702104745 172 176 175
96.07613218902941 29.17980465439819 59.476267525216976 202 137 121
67.35885118358581 20.808777822312642 69.39306777478699 103 165 218
97.26554598036967 68.82484921477023 69.31046924462682 133 121 210
94.04006986083596 41.8397662326245 36.401438589799405 196 10 195
9.40658024073926 25.834390802689956 54.19562450860077 229 40 151
62.28394269916091 6.849549899968455 81.53970557475434 91 81 7
21.117658517583415 91.23165383410998 1.9006472592378532 167 165 120
45.04843145625799 97.41591270728583 67.24120686974716 86 183 112
75.41651049126294 14.386055201657355 31.656073806763963 202 2 254
18.382579294590585 57.66000064900012 38.507342445569705 5 243 57
25.81146646897796 17.529121592173848 60.33478349490504 152 9 30
60.03359800526782 13.375604746738478 83.67091236200966 136 106 252
74.62815763490973 67.69581549740079 7.333299718042552 14 93 180
99.8557292869391 42.89383013667185 70.00352260112622 16 236 167
40.63893272725295 40.34114138112523 14.078378063654418 255 151 98
65.81665598573181 15.427197061546295 11.976517469508419 83 30 17
39.4879924698632 83.58894206336596 48.32178201411188 226 33 119
54.26053386476084 73.28168757333745 47.6606561139902 237 83 163
18.70608848254135 63.65183188396421 29.499571782695188 239 61 27
9.8249574924014 41.84488536790821 38.300558186764675 86 52 179
69.28438468012828 40.41822377239621 49.42036246872038 200 5 60
29.022512738840376 5.65273213810682 67.52570178064667 44 185 228
37.82786002622619 87.53446350331772 72.41039960924601 164 150 254
1.9857870835644498 90.10711584111587 99.9605518601105 119 212 14
87.23444491273005 33.51711463270887 80.78153614744083 95 53 203
79.23804588098938 36.56094212496161 64.172162483456 141 223 207
99.6467848501802 59.51243294681659 85.10145960473902 117 30 75
94.59001140973001 53.50688045601849 51.9444131024145 1 53 18
83.09944240178093 45.27715637525974 44.233843127827264 107 201 223
91.37652397035957 68.50054374805842 74.79376359643523 31 106 73
32.834965795594016 7.786717035226243 37.479353912544354 170 189 76
87.23506866728266 94.21835169588441 89.442254556165 22 98 76
9.68816496124002 26.58404265016593 0.3867083796882387 46 126 113
72.49152179624055 57.6949059855124 96.63921217659748 222 8 50
31.238666022267893 96.5641417749438 76.9163003291392 250 244 33
68.95666721350139 24.30416445219763 32.273933180005635 181 161 133
26.607572149440074 92.34668788215424 53.627152413522595 137 159 22
79.55038351151103 77.44331824894134 6.147379920815221 172 164 164
82.82489727782301 68.72086122353147 26.421267227573388 203 0 66
34.65861222569831 91.14775314823723 2.0717194976238584 163 171 5
9.620164306559998 58.85371487147955 7.1177092509573825 183 32 151
88.49159559239628 56.009989062424346 33.142305394766005 151 121 127
70.28938561125587 66.03541720762787 5.742025197749278 146 182 130
37.95005747024025 88.79511672902906 48.07748401170026 231 34 142
68.96739666143475 75.69167874173858 24.90493930750525 121 49 45
27.619314792016525 73.03965646112319 8.447398002003926 201 46 232
49.18529457744003 42.22575579545595 75.00746592719393 227 5 169
67.49964949298237 41.69038602290479 2.413740223858152 197 46 104
45.01854705277729 29.95945845735899 63.24792664060328 254 237 250
24.944424708204906 23.484199702226604 28.278178850012726 149 94 197
34.43206698019866 9.024567857978571 25.519610744105382 16 55 212
59.015857571586686 32.289546000690386 70.68795857988873 89 18 17
74.60438508765615 25.513159589221047 58.27610419482507 250 228 193
44.0815053894152 83.02459307957525 3.7729894100572703 123 31 93
51.06377786653944 80.52733781655898 67.30460793734505 95 133 58
79.96291427294514 69.03672990606829 88.7894870559012 58 32 109
46.39504159654844 64.97589473114091 82.08580320275047 156 143 226
8.311087364023573 33.97261155119588 89.02100089251552 19 108 153
30.07635162403659 6.047476106816275 88.03218076323519 69 142 10
49.12173222681181 16.18742362703236 1.7385009003116791 205 106 140
88.68143142321789 87.24685155583992 4.384920292274874 101 7 30
37.41656185085763 35.63663418650821 5.946912766198231 64 158 165
